1
1
10
0
(2 0
((0,0) (63,63) (0,0))
((0,64) (63,127) (0,0))
)
2
FabOnDisk: Cell_D_00000 0
FabOnDisk: Cell_D_00000 163912

2,10
-8.1025909760000000e+09,-5.9420981250000000e+05,-4.2519930880000000e+09,-2.4336231872439384e-03,-2.8989652633666992e+01,-5.9052538126707077e-03,-3.8263033856000000e+10,-6.3123676160000000e+09,-9.5452359819264000e+13,-2.7629418750000000e+05,
-2.6916848754882812e+02,-1.2270073890686035e+00,-5.8075859069824219e+01,-1.2941748623987014e-19,-6.8073882175667677e-07,-3.0821795116153794e-10,0.0000000000000000e+00,0.0000000000000000e+00,0.0000000000000000e+00,-4.2391218750000000e+04,

2,10
5.4993899520000000e+09,6.7188450000000000e+05,5.3503902720000000e+09,2.3278398439288139e-03,2.2695517539978027e+00,4.0440619923174381e-03,8.6767923200000000e+09,3.3733683200000000e+09,0.0000000000000000e+00,0.0000000000000000e+00,
1.7217917442321777e+00,6.2014574031543646e-11,8.8131771087646484e+00,3.3523130937851420e-09,6.2049880789061262e-09,2.3381510061426525e-09,0.0000000000000000e+00,0.0000000000000000e+00,0.0000000000000000e+00,0.0000000000000000e+00,

