1
1
10
0
(2 0
((0,0) (63,63) (0,0))
((0,64) (63,127) (0,0))
)
2
FabOnDisk: Cell_D_00000 0
FabOnDisk: Cell_D_00000 163912

2,10
-8.1336391680000000e+09,-4.4852975000000000e+05,-5.2536217600000000e+09,-2.2821216844022274e-03,-2.8943523406982422e+01,-5.6697158142924309e-03,-2.9681315840000000e+10,-6.2191728640000000e+09,-9.0640511664128000e+13,-2.9087231250000000e+05,
-4.7854961395263672e+01,-5.4920721054077148e-01,-1.2075992584228516e+01,-5.4539876583178674e-18,-1.1040724956501435e-07,-1.9405931028781964e-10,0.0000000000000000e+00,0.0000000000000000e+00,0.0000000000000000e+00,-4.2391078125000000e+04,

2,10
5.4954460160000000e+09,6.2017137500000000e+05,4.3480442880000000e+09,1.6823906917124987e-03,1.5104457139968872e+00,3.8938964717090130e-03,8.5700526080000000e+09,3.1870891520000000e+09,0.0000000000000000e+00,0.0000000000000000e+00,
2.7615025043487549e+00,2.6134545638711870e-09,1.1156330108642578e+00,1.3870529169679457e-09,9.5180032744224263e-09,1.2261105464261846e-09,0.0000000000000000e+00,0.0000000000000000e+00,0.0000000000000000e+00,0.0000000000000000e+00,

