1
1
10
0
(2 0
((0,0) (63,63) (0,0))
((0,64) (63,127) (0,0))
)
2
FabOnDisk: Cell_D_00000 0
FabOnDisk: Cell_D_00000 163912

2,10
-8.3089669120000000e+09,-5.6565893750000000e+05,-4.9796167680000000e+09,-2.2831084206700325e-03,-2.9685493469238281e+01,-6.5185241401195526e-03,-4.7516520448000000e+10,-6.4347125760000000e+09,-9.3284022091776000e+13,-2.8240346875000000e+05,
-1.4014754638671875e+03,-3.3540122509002686e+00,-4.7143261718750000e+02,-7.4348188990745208e-20,-3.8035032048355788e-06,-6.7866307018604743e-10,0.0000000000000000e+00,-3.3508764651912770e-09,0.0000000000000000e+00,-4.2391324218750000e+04,

2,10
5.5058304000000000e+09,6.3431650000000000e+05,4.5430323200000000e+09,2.2202539257705212e-03,3.3025848865509033e+00,4.2206631042063236e-03,7.6947261440000000e+09,3.5516858880000000e+09,0.0000000000000000e+00,0.0000000000000000e+00,
2.6249647140502930e-01,3.5498787936960596e-11,4.9191997528076172e+01,9.7099430718117219e-09,2.4085995420364270e-09,5.5793507591772595e-09,0.0000000000000000e+00,1.6901502161670243e-21,0.0000000000000000e+00,0.0000000000000000e+00,

