1
1
10
0
(2 0
((0,0) (63,63) (0,0))
((0,64) (63,127) (0,0))
)
2
FabOnDisk: Cell_D_00000 0
FabOnDisk: Cell_D_00000 163912

2,10
-8.2849377280000000e+09,-5.3674081250000000e+05,-4.7127782400000000e+09,-2.2242153063416481e-03,-2.9629293441772461e+01,-6.0265744104981422e-03,-3.4671906816000000e+10,-6.2466539520000000e+09,-9.4948800069632000e+13,-2.8841956250000000e+05,
-4.4116695404052734e+01,-3.0490779876708984e-01,-7.4496002197265625e+00,-4.3680595734842711e-19,-1.0647745796177333e-07,-9.1315045802620176e-11,0.0000000000000000e+00,0.0000000000000000e+00,0.0000000000000000e+00,-4.2391164062500000e+04,

2,10
5.4972651520000000e+09,5.9831550000000000e+05,4.9090150400000000e+09,2.1275454200804234e-03,1.8279372453689575e+00,4.0609785355627537e-03,9.3290373120000000e+09,3.3589319680000000e+09,0.0000000000000000e+00,0.0000000000000000e+00,
5.1018440723419189e-01,2.0930970845434160e-10,1.2300111055374146e+00,8.0061685059362730e-10,1.4356421607075731e-09,6.3049859777564166e-10,0.0000000000000000e+00,0.0000000000000000e+00,0.0000000000000000e+00,0.0000000000000000e+00,

