1
1
10
0
(2 0
((0,0) (63,63) (0,0))
((0,64) (63,127) (0,0))
)
2
FabOnDisk: Cell_D_00000 0
FabOnDisk: Cell_D_00000 163912

2,10
-7.8885079040000000e+09,-5.6607012500000000e+05,-8.8358764800000000e+08,-2.5894374120980501e-03,-2.7731061935424805e+01,-6.2963142991065979e-03,-4.6260764672000000e+10,-6.7669985280000000e+09,-8.9244320137216000e+13,-2.7477540625000000e+05,
-7.4007470703125000e+03,-1.2588875770568848e+01,-2.2096704101562500e+03,-7.0553769349296687e-20,-2.0784238586202264e-05,-2.2637738350539394e-09,0.0000000000000000e+00,-1.4495439147949219e+02,-3.0567617187500000e+04,-4.2391437500000000e+04,

2,10
8.3096377600000000e+08,6.9722493750000000e+05,1.1971074560000000e+09,2.1450743079185486e-03,3.5761013031005859e+00,4.1051730513572693e-03,4.8792412160000000e+09,3.3490375680000000e+09,1.3186001953125000e+04,0.0000000000000000e+00,
2.2774201631546021e-01,3.6162427219377236e-11,2.6256893920898438e+02,3.7501617811130927e-08,9.9750108173424223e-10,2.0354903540464875e-08,0.0000000000000000e+00,2.2850511156098825e-14,2.8603466796875000e+03,0.0000000000000000e+00,

