1
1
10
0
(2 0
((0,0) (63,63) (0,0))
((0,64) (63,127) (0,0))
)
2
FabOnDisk: Cell_D_00000 0
FabOnDisk: Cell_D_00000 163912

2,10
-7.6330270720000000e+09,-5.1282303125000000e+05,-5.5411896320000000e+09,-2.3176991380751133e-03,-2.7325080871582031e+01,-4.8556481488049030e-03,-2.3705225216000000e+10,-5.8649200640000000e+09,-9.3121341816832000e+13,-2.8327318750000000e+05,
-5.9144157171249390e-01,-3.0463607981801033e-02,-6.8675922229886055e-03,-5.1592309460213341e-18,-1.2382854741588289e-09,-1.6062259161619963e-11,0.0000000000000000e+00,0.0000000000000000e+00,0.0000000000000000e+00,-4.2391007812500000e+04,

2,10
5.4945884160000000e+09,6.3531456250000000e+05,3.9504919040000000e+09,1.9920249469578266e-03,8.3483284711837769e-01,3.7450152449309826e-03,9.8975119360000000e+09,3.0318387200000000e+09,0.0000000000000000e+00,0.0000000000000000e+00,
3.7776955962181091e-01,2.4722124347675845e-09,1.3370374217629433e-02,6.8503702710387415e-11,7.7167822132295782e-10,7.4682121598002027e-11,0.0000000000000000e+00,0.0000000000000000e+00,0.0000000000000000e+00,0.0000000000000000e+00,

