1
1
10
0
(2 0
((0,0) (63,63) (0,0))
((0,64) (63,127) (0,0))
)
2
FabOnDisk: Cell_D_00000 0
FabOnDisk: Cell_D_00000 163912

2,10
-7.7138391040000000e+09,-4.4654268750000000e+05,-5.2758958080000000e+09,-1.8313787877559662e-03,-2.9113840103149414e+01,-4.4393870048224926e-03,-1.7160521728000000e+10,-5.3149399040000000e+09,-9.6406295543808000e+13,-2.8003475000000000e+05,
0.0000000000000000e+00,0.0000000000000000e+00,0.0000000000000000e+00,0.0000000000000000e+00,0.0000000000000000e+00,0.0000000000000000e+00,0.0000000000000000e+00,0.0000000000000000e+00,0.0000000000000000e+00,-4.2390933593750000e+04,

2,10
5.4863974400000000e+09,5.3893037500000000e+05,4.2219929600000000e+09,1.8271963344886899e-03,3.2104175090789795e+00,3.7637595087289810e-03,1.2056956928000000e+10,3.1051130880000000e+09,0.0000000000000000e+00,0.0000000000000000e+00,
0.0000000000000000e+00,0.0000000000000000e+00,0.0000000000000000e+00,0.0000000000000000e+00,0.0000000000000000e+00,0.0000000000000000e+00,0.0000000000000000e+00,0.0000000000000000e+00,0.0000000000000000e+00,0.0000000000000000e+00,

