1
1
10
0
(2 0
((0,0) (63,63) (0,0))
((0,64) (63,127) (0,0))
)
2
FabOnDisk: Cell_D_00000 0
FabOnDisk: Cell_D_00000 163912

2,10
-8.2395770880000000e+09,-4.7243415625000000e+05,-4.5420462080000000e+09,-2.4161078035831451e-03,-2.9264038085937500e+01,-6.4339088276028633e-03,-4.5164806144000000e+10,-6.6964828160000000e+09,-8.9447576109056000e+13,-2.8631956250000000e+05,
-3.1308398437500000e+03,-8.0592470169067383e+00,-8.0032739257812500e+02,-1.0562617691522648e-18,-8.4212324509280734e-06,-1.7224303094920401e-09,0.0000000000000000e+00,-4.4719586282997599e-19,0.0000000000000000e+00,-4.2391289062500000e+04,

2,10
5.5038535680000000e+09,6.5520862500000000e+05,4.9822044160000000e+09,1.8331159371882677e-03,3.1047229766845703e+00,4.1582044214010239e-03,8.0874024960000000e+09,3.4308495360000000e+09,0.0000000000000000e+00,0.0000000000000000e+00,
7.5654166936874390e-01,5.0434129095222602e-10,1.1064601898193359e+02,2.3214646205360623e-08,2.5286324145668004e-09,1.4427034678021755e-08,0.0000000000000000e+00,0.0000000000000000e+00,0.0000000000000000e+00,0.0000000000000000e+00,

