1
1
10
0
(2 0
((0,0) (63,63) (0,0))
((0,64) (63,127) (0,0))
)
2
FabOnDisk: Cell_D_00000 0
FabOnDisk: Cell_D_00000 163912

2,10
-7.7138385920000000e+09,-4.4654256250000000e+05,-5.2758937600000000e+09,-1.8313789041712880e-03,-2.9113838195800781e+01,-4.4393865391612053e-03,-1.7160519680000000e+10,-5.3149399040000000e+09,-9.6406295543808000e+13,-2.8003475000000000e+05,
0.0000000000000000e+00,0.0000000000000000e+00,0.0000000000000000e+00,0.0000000000000000e+00,0.0000000000000000e+00,0.0000000000000000e+00,0.0000000000000000e+00,0.0000000000000000e+00,0.0000000000000000e+00,-4.2390933593750000e+04,

2,10
5.4863964160000000e+09,5.3893031250000000e+05,4.2219944960000000e+09,1.8271964509040117e-03,3.2104201316833496e+00,3.7637597415596247e-03,1.2056956928000000e+10,3.1051133440000000e+09,0.0000000000000000e+00,0.0000000000000000e+00,
0.0000000000000000e+00,0.0000000000000000e+00,0.0000000000000000e+00,0.0000000000000000e+00,0.0000000000000000e+00,0.0000000000000000e+00,0.0000000000000000e+00,0.0000000000000000e+00,0.0000000000000000e+00,0.0000000000000000e+00,

