1
1
10
0
(2 0
((0,0) (63,63) (0,0))
((0,64) (63,127) (0,0))
)
2
FabOnDisk: Cell_D_00000 0
FabOnDisk: Cell_D_00000 163912

2,10
-7.8784660480000000e+09,-5.6863112500000000e+05,-4.2108597760000000e+09,-2.5415329728275537e-03,-2.7684316635131836e+01,-5.9479251503944397e-03,-4.0564498432000000e+10,-6.6601216000000000e+09,-9.1697736318976000e+13,-2.8033606250000000e+05,
-1.0379965820312500e+03,-3.4301962852478027e+00,-2.5298493957519531e+02,-3.1461588416255663e-20,-2.7176463390787831e-06,-8.0305545546721646e-10,0.0000000000000000e+00,0.0000000000000000e+00,0.0000000000000000e+00,-4.2391253906250000e+04,

2,10
5.5016478720000000e+09,6.8662418750000000e+05,5.3455790080000000e+09,2.1760794334113598e-03,2.7693653106689453e+00,3.9238221943378448e-03,7.3835289600000000e+09,3.2166172160000000e+09,0.0000000000000000e+00,0.0000000000000000e+00,
3.1754028797149658e-01,1.5075838147304843e-11,3.6145351409912109e+01,9.6529308990511709e-09,1.3328325110251171e-09,6.3733649469099873e-09,0.0000000000000000e+00,0.0000000000000000e+00,0.0000000000000000e+00,0.0000000000000000e+00,

