1
1
10
0
(2 0
((0,0) (63,63) (0,0))
((0,64) (63,127) (0,0))
)
2
FabOnDisk: Cell_D_00000 0
FabOnDisk: Cell_D_00000 163912

2,10
-8.0637532160000000e+09,-6.0530918750000000e+05,-8.1057817600000000e+08,-2.5553985033184290e-03,-2.8823766708374023e+01,-6.1849919147789478e-03,-4.7741407232000000e+10,-6.7206425600000000e+09,-9.3356457721856000e+13,-2.6910043750000000e+05,
-3.4087719726562500e+03,-6.8127255439758301e+00,-1.0805701904296875e+03,-3.9503544960247035e-20,-9.4409879238810390e-06,-1.2938745630464155e-09,0.0000000000000000e+00,-1.0720449499785900e-02,-1.2771238088607788e+00,-4.2391371093750000e+04,

2,10
8.1069907200000000e+08,7.0248193750000000e+05,1.8040245760000000e+09,2.3474181070923805e-03,3.4013946056365967e+00,4.0835398249328136e-03,5.9434746880000000e+09,3.4869022720000000e+09,0.0000000000000000e+00,0.0000000000000000e+00,
2.5694787502288818e-01,1.8901992818176616e-11,1.2069394683837891e+02,2.0009085943684113e-08,8.2744777696319716e-10,1.1110509845480010e-08,0.0000000000000000e+00,3.6800196735132783e-17,1.3441406190395355e-01,0.0000000000000000e+00,

